((("sml-mode" .
   [1 0 0 0 0 0 1 0])
  ("sml-modeline-end-face" .
   [0 0 0 0 0 0 1 0 0 0 0 0 0 0 0 0 0 0 0 0 0])
  ("Package" .
   [0 0 0 0 1 0 0])
  ("enough" .
   [1 0 0 0 0 0])
  ("closure" .
   [1 0 0 0 0 0 0])
  ("env" .
   [1 0 0])
  ("*" .
   [1])
  ("resume" .
   [1 0 0 0 0 0])
  ("begin" .
   [1 0 0 0 0])
  ("coroutine" .
   [0 0 0 0 0 0 0 1 0])
  ("syntax-rules" .
   [0 0 0 0 1 0 0 0 0 0 0 0])
  ("next" .
   [2 0 0 0])
  ("var" .
   [2 0 0])
  ("exp" .
   [2 0 0])
  ("define-syntax" .
   [0 0 0 0 0 0 0 0 0 0 0 0 1])
  ("identity" .
   [0 0 0 0 1 0 1 0])
  ("complex?" .
   [0 0 0 1 0 0 0 0])
  ("call-with-current-continuation" .
   [0 0 0 0 0 1 0 0 0 0 0 0 0 0 0 0 0 0 0 0 0 0 0 0 0 0 0 0 0 1])
  ("apply" .
   [1 0 0 0 0])
  ("receive" .
   [0 0 0 0 0 0 1])
  ("set!" .
   [0 0 0 3])
  ("+" .
   [2])
  ("comeback" .
   [0 0 0 0 1 1 3 0])
  ("reciprocals" .
   [0 0 0 0 0 0 1 0 0 0 0])
  ("cdr" .
   [1 0 0])
  ("loop" .
   [1 0 0 0])
  ("/" .
   [1])
  ("cons" .
   [1 0 0 0])
  ("cond" .
   [1 0 0 0])
  ("exit" .
   [2 0 0 0])
  ("zero?" .
   [0 0 0 1 1])
  ("=" .
   [2])
  ("null?" .
   [0 0 0 0 2])
  ("lst" .
   [9 0 0])
  ("call/cc" .
   [0 0 0 0 0 3 2])
  ("list2" .
   [1 0 0 0 0])
  ("Pop" .
   [1 0 0])
  ("Length" .
   [0 0 0 0 1 0])
  ("Errorf" .
   [0 0 0 0 0 1])
  ("IsList" .
   [1 0 0 0 0 1])
  ("IsLispNull" .
   [0 0 0 0 0 1 0 0 0 0])
  ("Cdr" .
   [0 0 3])
  ("error" .
   [1 0 0 0 0])
  ("IsNull" .
   [0 0 0 0 0 1])
  ("IsNumber" .
   [0 0 0 0 0 0 0 1])
  ("f" .
   [1])
  ("count" .
   [3 0 0 0 0])
  ("int" .
   [1 0 0])
  ("c" .
   [3])
  ("transcript-on" .
   [1 0 0 0 0 0 0 0 0 0 0 0 0])
  ("transcript-off" .
   [0 0 0 0 0 0 1 1 0 0 0 0 0 0])
  ("NewVector" .
   [0 0 0 0 0 1 0 0 0])
  ("DTVector" .
   [0 0 0 0 0 0 0 1])
  ("objs" .
   [1 0 0 1])
  ("T" .
   [1])
  ("b" .
   [3])
  ("Cons" .
   [0 0 0 2])
  ("list" .
   [3 0 0 0])
  ("list3" .
   [3 0 0 0 0])
  ("NewList" .
   [0 0 0 0 0 1 0])
  ("str2" .
   [2 0 0 0])
  ("str1" .
   [1 0 0 0])
  ("syma2" .
   [2 0 0 0 0])
  ("Eq" .
   [5 0])
  ("symb" .
   [9 0 0 0])
  ("syma" .
   [15 0 0 0])
  ("Printf" .
   [1 0 0 0 0 4])
  ("Print" .
   [1 0 0 0 0])
  ("Println" .
   [0 0 0 0 0 0 5])
  ("car" .
   [5 0 0])
  ("NewSymbol" .
   [0 0 0 0 1 0 0 0 3])
  ("obj" .
   [4 0 0])
  ("LispTSymbol" .
   [0 0 0 0 0 0 0 0 0 0 2])
  ("sym" .
   [1 0 0])
  ("ok" .
   [1 0])
  ("Lexer" .
   [0 0 1 0 0])
  ("make" .
   [1 0 0 0])
  ("LObj" .
   [0 0 6 4])
  ("String" .
   [0 0 0 0 2 0])
  ("symbolTable" .
   [1 0 0 0 0 0 0 0 0 0 3])
  ("internTa" .
   [1 0 0 0 0 0 0 0])
  ("intern" .
   [1 0 0 0 0 0])
  ("New" .
   [1 0 0])
  ("Value" .
   [1 0 0 2 4])
  ("Val" .
   [1 0 0])
  ("LispBoolean" .
   [0 0 0 0 0 0 0 0 0 0 1])
  ("Type" .
   [0 0 0 5])
  ("auto-complete-mode" .
   [0 0 0 0 0 0 0 0 0 0 0 0 0 0 0 0 0 1])
  ("auto-complete-1" .
   [0 0 0 0 0 0 0 0 0 0 0 0 0 0 1])
  ("ess-julia-mode-hook" .
   [0 0 0 0 0 0 0 0 0 0 0 0 0 0 0 0 0 1 0])
  ("inferior-j-mode-hook" .
   [0 0 0 0 0 0 0 0 0 0 0 0 0 0 0 0 0 0 1 0])
  ("j-mode-hook" .
   [0 0 0 0 0 0 0 0 0 1 0])
  ("array" .
   [0 0 0 1 0])
  ("argparse" .
   [0 0 1 0 0 0 0 0])
  ("np" .
   [2 0])
  ("parse" .
   [1 0 0 0 0])
  ("with-input-from-file" .
   [0 0 0 0 0 0 0 0 0 0 0 0 0 0 0 0 0 0 0 1])
  ("filename" .
   [1 0 0 0 0 1 0 0])
  ("parse-file" .
   [1 0 0 0 0 0 0 0 0 0])
  ("break-after" .
   [0 0 0 0 0 0 0 1 0 0 0])
  ("word-break" .
   [0 0 0 0 0 1 0 0 0 0])
  ("body" .
   [0 0 0 1])
  ("post" .
   [1 0 0 0])
  ("400px" .
   [1 0 0 0 0])
  ("textarea" .
   [1 0 0 0 0 0 0 0])
  ("update" .
   [0 0 0 0 1 0])
  ("string-null?" .
   [0 0 0 0 0 0 0 0 0 1 0 0])
  ("mail" .
   [2 0 0 0])
  ("plsql" .
   [1 0 0 0 1])
  ("sqlplus" .
   [0 0 0 0 0 1 1])
  (":publishing-directory" .
   [0 0 0 0 0 0 0 0 0 0 0 0 0 0 0 0 0 0 0 0 1])
  (":base-directory" .
   [0 0 0 0 0 0 0 0 0 0 0 0 0 0 1])
  (":propertize" .
   [0 0 0 0 0 0 0 1 0 0 0])
  ("org-publish-project-alist" .
   [0 0 0 0 0 0 0 0 0 0 0 0 0 0 0 0 0 0 0 0 0 0 0 0 1])
  ("global-map" .
   [0 0 0 0 0 0 0 0 0 1])
  ("global-mode-string" .
   [0 0 0 0 0 0 0 0 0 1 0 0 0 0 0 0 0 0])
  ("smartparens-mode-map" .
   [0 0 0 0 0 0 0 0 0 0 0 0 0 0 0 0 0 0 0 1])
  ("nil" .
   [2 0 0])
  ("smartparens-mode" .
   [0 0 0 0 0 0 0 0 0 0 0 0 0 0 1 1])
  ("unbind-key" .
   [0 0 0 0 0 0 0 0 0 1])
  ("setq" .
   [3 0 0 0])
  ("org-catch-invisible-edits" .
   [0 0 0 0 0 0 0 0 0 1 0 0 0 0 0 0 0 0 0 0 1 0 0 0 0])
  ("org" .
   [2 0 0])
  ("package-install" .
   [0 0 0 0 0 0 0 0 0 0 0 0 0 0 5])
  ("limit=" .
   [0 0 0 0 1 0])
  ("14px" .
   [1 0 0 0])
  ("dddddd" .
   [1 0 0 0 0 0])
  ("120%" .
   [1 0 0 0])
  ("letter-spacing" .
   [0 0 0 0 0 0 0 0 0 1 0 0 0 0])
  ("src=" .
   [2 0 0 0])
  ("研究分野" .
   [1 0 0 0])
  ("breadcrumbs" .
   [0 0 0 0 0 0 1 0 0 0 0])
  ("$dd_open" .
   [0 0 0 2 0 0 0 0])
  ("$img_tag_1" .
   [0 0 0 0 1 0 0 0 1 1])
  ("if" .
   [4 0])
  ("$line" .
   [2 0 0 0 0])
  ("$img_tag_2" .
   [0 0 0 0 0 0 0 0 2 1])
  ("false" .
   [1 0 0 0 0])
  ("$img2" .
   [1 0 0 0 0])
  ("$img1" .
   [1 0 0 0 0])
  ("title" .
   [3 0 0 0 0])
  ("class" .
   [3 0 0 0 0])
  ("name" .
   [2 0 0 0])
  ("270px" .
   [3 0 0 0 0])
  ("after" .
   [0 0 0 1 2])
  ("dashed" .
   [0 0 0 1 0 0])
  ("dotted" .
   [0 0 0 0 1 0])
  ("0A236A" .
   [1 0 0 0 0 0])
  ("dt" .
   [1 0])
  ("dl" .
   [2 0])
  ("テキストテキストテキストテキストテキストテキストテキストテキストテキストテキストテキストテキスト" .
   [0 0 0 2 0 0 0 0 0 0 0 0 0 0 0 0 0 0 0 0 0 0 0 0 0 0 0 0 0 0 0 0 0 0 0 0 0 0 0 0 0 0 0 0 0 0 0 0])
  ("class='news" .
   [1 0 0 0 0 0 0 0 0 0 0])
  ("class='wrapper'" .
   [0 0 0 0 0 0 0 0 0 0 0 0 1 0 0])
  ("class='bl'" .
   [0 0 0 0 0 2 0 0 0 0])
  ("-webkit-border-radius" .
   [0 0 0 0 0 0 0 0 0 0 0 0 0 0 1 0 0 0 0 0 0])
  ("FFF" .
   [1 0 0])
  ("list-style" .
   [0 0 0 0 0 0 0 2 0 0])
  ("section" .
   [0 0 0 11 3 0 0])
  ("article-outer" .
   [0 0 0 0 0 0 0 0 0 0 3 0 0])
  ("col-lg-12" .
   [0 0 0 0 0 0 0 0 1])
  ("col-xs-12" .
   [0 0 0 0 0 0 1 0 0])
  ("tran" .
   [2 0 0 0])
  ("$s" .
   [5 0])
  ("transition" .
   [0 0 0 0 0 0 1 0 0 0])
  ("40px" .
   [2 0 0 0])
  ("140px" .
   [1 0 0 0 0])
  ("180px" .
   [2 0 0 0 0])
  ("310px" .
   [1 0 0 0 0])
  ("dd" .
   [3 0])
  ("i" .
   [1])
  ("p-item" .
   [0 0 0 0 0 1])
  ("$i" .
   [1 0])
  ("for" .
   [2 0 0])
  ("repeat-x" .
   [1 0 0 0 0 0 0 0])
  ("/p" .
   [1 0])
  ("top" .
   [3 0 0])
  ("slide" .
   [1 0 0 0 0])
  ("6px" .
   [1 0 0])
  ("C01421" .
   [0 0 0 1 0 0])
  ("ccc" .
   [2 0 0])
  ("background" .
   [0 0 0 0 1 0 0 0 0 0])
  ("河西教授からのメッセージ" .
   [0 0 0 0 1 0 0 0 0 0 0 0])
  ("span" .
   [2 0 0 0])
  ("print" .
   [3 0 0 0 0])
  ("url" .
   [1 0 0])
  ("info" .
   [4 0 0 1])
  ("/a" .
   [2 0])
  ("/div" .
   [2 0 0 0])
  ("name=" .
   [0 0 0 0 1])
  ("meta" .
   [2 0 0 0])
  ("say" .
   [2 0 0])
  ("else" .
   [2 0 0 0])
  ("footer" .
   [1 0 0 0 0 0])
  ("padding-top" .
   [1 0 0 0 0 0 0 0 0 0 3])
  ("500px" .
   [1 0 0 0 0])
  ("margin-right" .
   [0 0 0 0 0 0 0 0 0 3 1 0])
  ("15px" .
   [2 0 0 0])
  ("margin-top" .
   [0 2 1 0 0 0 0 0 1 5])
  ("line" .
   [0 0 0 1])
  ("float" .
   [0 0 0 0 4])
  ("flow" .
   [0 0 0 2])
  ("links" .
   [5 0 0 0 0])
  ("inline-block" .
   [0 0 0 0 0 0 0 0 0 1 1 5])
  ("ul" .
   [30 0])
  ("margin-bottom" .
   [0 4 1 1 0 0 0 0 0 3 0 0 0])
  ("padding-right" .
   [1 0 0 0 0 0 0 0 0 0 2 1 0])
  ("padding-left" .
   [0 0 0 0 0 0 0 0 0 0 1 0])
  ("Menu" .
   [0 0 0 1])
  ("hoge" .
   [1 0 0 0])
  ("fixed" .
   [0 0 0 3 2])
  ("text" .
   [2 0 0 0])
  ("3px" .
   [2 0 0])
  ("h4" .
   [1 0])
  ("20px" .
   [25 0 0 0])
  ("container" .
   [2 0 0 0 0 0 0 4 0])
  ("140%" .
   [1 0 0 0])
  ("height" .
   [1 17 4 3 2 3])
  ("repeat" .
   [0 0 0 0 0 3])
  ("png" .
   [18 0 0])
  ("h2" .
   [7 0])
  ("fff" .
   [6 0 0])
  ("php" .
   [6 0 0])
  ("auto" .
   [2 0 1 14])
  ("0px" .
   [33 0 0])
  ("bottom" .
   [0 1 0 1 2 0])
  ("absolute" .
   [3 0 0 2 7 0 0 4])
  ("relative" .
   [0 0 0 0 3 0 0 8])
  ("position" .
   [1 0 0 4 6 0 0 0])
  ("$lastError" .
   [0 0 0 0 0 1 0 0 0 0])
  ("&copy" .
   [1 0 0 0 0])
  ("d5d5d5" .
   [1 0 0 0 0 0])
  ("font-weight" .
   [0 1 0 0 1 1 0 1 0 0 0])
  ("5px" .
   [4 0 0])
  ("margin" .
   [0 12 5 6 0 5])
  ("1px" .
   [2 0 0])
  ("border-radius" .
   [0 0 0 0 0 0 0 0 0 1 1 1 0])
  ("width" .
   [4 34 6 10 1])
  ("solid" .
   [1 3 0 1 0])
  ("border" .
   [2 1 0 1 0 0])
  ("padding" .
   [9 0 0 5 6 0 1])
  ("right" .
   [1 2 1 5 5])
  ("Background" .
   [2 0 0 0 0 0 0 0 0 3])
  ("smartparens-global-mode" .
   [0 0 0 0 0 0 0 0 0 0 0 0 0 0 0 0 0 0 0 0 0 0 1])
  ("smartparens-config" .
   [0 0 0 0 0 0 0 0 0 0 0 0 0 0 0 1 0 0])
  ("smartparens" .
   [0 0 0 0 0 0 1 0 0 0 0])
  ("sgml-mode" .
   [0 0 0 0 0 1 0 0 0])
  ("require" .
   [0 0 0 0 0 0 7])
  ("br" .
   [2 0])
  ("Top" .
   [1 0 0])
  ("web-mode" .
   [0 0 0 0 0 0 1 0])
  ("preg_split" .
   [0 0 0 0 2 0 0 0 0 0])
  ("foreach" .
   [0 0 0 0 0 1 0])
  ("$p_arr" .
   [0 0 1 0 1 0])
  ("print_r" .
   [0 0 0 0 0 0 1])
  ("explode" .
   [0 0 0 0 0 1 0])
  ("prof" .
   [6 0 0 0])
  ("div" .
   [19 0 0])
  ("no-repeat" .
   [0 1 0 0 0 3 19 2 0])
  ("text-indent" .
   [0 0 0 0 0 0 0 1 0 0 0])
  ("left" .
   [8 4 0 10])
  ("display" .
   [0 0 5 5 6 4 1])
  ("hidden" .
   [1 0 0 0 0 0])
  ("890px" .
   [3 0 0 0 0])
  ("100%" .
   [15 0 0 0])
  ("header" .
   [0 0 0 1 0 13])
  ("slideshow" .
   [1 0 0 0 0 0 0 1 1])
  ("BxSlider" .
   [1 0 0 0 0 0 0 0])
  ("bxslider" .
   [1 0 0 0 0 0 0 0])
  ("bx-wrapper" .
   [0 0 0 0 0 0 1 0 0 0])
  ("900px" .
   [1 0 0 0 0])
  ("p" .
   [2])
  ("35px" .
   [1 0 0 0])
  ("of" .
   [4 0])
  ("materials" .
   [1 0 0 0 0 0 0 0 0])
  ("minerals" .
   [2 0 0 0 0 0 1 0])
  ("based" .
   [1 0 0 0 0])
  ("on" .
   [1 0])
  ("Adsorption" .
   [0 0 0 0 0 0 1 0 0 0])
  ("Friction" .
   [0 0 0 0 0 0 1 0])
  ("Development" .
   [0 0 0 0 0 0 0 1 0 0 0])
  ("natural" .
   [1 0 0 0 0 0 0])
  ("recovery" .
   [0 0 0 0 1 0 0 0])
  ("menu-bar-mode" .
   [0 0 0 0 0 0 0 0 0 0 0 0 1])
  ("tool-bar-mode" .
   [0 0 0 0 0 0 0 0 0 0 0 0 1])
  ("h3" .
   [5 0])
  ("id=" .
   [8 0 7])
  ("/h3" .
   [1 0 0])
  ("ol" .
   [1 0])
  ("li" .
   [27 1])
  ("people" .
   [1 0 0 0 0 0])
  ("people_prof" .
   [0 0 0 0 0 0 0 0 1 0 0])
  ("img" .
   [9 0 0])
  ("true" .
   [1 0 0 0])
  ("bx-pager" .
   [1 0 0 0 0 0 0 0])
  ("border-top" .
   [1 1 0 0 0 0 0 0 0 1])
  ("82A500" .
   [1 0 0 0 0 0])
  ("C7C7C7" .
   [1 0 0 0 0 0])
  ("font-size" .
   [1 5 2 1 0 0 1 4 1])
  ("logo" .
   [0 0 0 1])
  ("10px" .
   [21 0 0 0])
  ("50px" .
   [5 0 0 0])
  ("center" .
   [1 0 0 0 2 5])
  ("class=" .
   [1 0 0 1 18 14])
  ("460px" .
   [1 0 0 0 0])
  ("block" .
   [1 0 0 0 9])
  ("text-top" .
   [0 0 0 0 0 0 0 1])
  ("30px" .
   [6 0 0 0])
  ("content" .
   [1 0 0 0 2 4 25])
  ("service" .
   [0 0 0 0 0 1 0])
  ("bold" .
   [0 0 0 3])
  ("wrapper" .
   [1 0 0 0 0 2 1])
  ("images" .
   [2 0 0 0 0 0])
  ("defun" .
   [0 0 0 0 2])
  ("interactive" .
   [0 0 0 0 0 0 2 0 0 0 0])
  ("insert" .
   [1 0 0 0 0 3])
  ("read-buffer" .
   [0 0 0 0 0 0 0 1 0 0 0])
  ("read-string" .
   [0 0 0 0 0 0 0 1 0 0 0])
  ("let" .
   [5 0 0])
  ("concat" .
   [1 0 0 0 0 4])
  ("string" .
   [5 0 0 0 1 0])
  ("make-string" .
   [0 0 0 0 0 0 0 2 0 0 0])
  ("let*" .
   [1 0 0 0])
  ("length" .
   [0 0 0 0 1 3])
  ("str" .
   [3 0 0])
  ("bar" .
   [2 0 0])
  ("previous-line" .
   [0 0 0 0 0 0 0 0 0 0 1 0 0])
  ("add-hook" .
   [0 0 0 0 0 0 0 7])
  ("css-mode-hook" .
   [0 0 0 0 0 0 0 0 0 0 0 1 0])
  ("lambda" .
   [0 0 0 4 12 1])
  ("define-key" .
   [0 0 0 0 0 0 0 0 0 3])
  ("css-mode-map" .
   [0 0 0 0 0 0 0 0 0 0 0 1])
  ("my-css-comment" .
   [0 0 0 0 0 0 0 1 0 0 0 0 0 0])
  ("color" .
   [0 0 0 3 5])
  ("text-align" .
   [0 0 0 1 0 0 1 0 0 0])
  ("head" .
   [2 0 0 0])
  ("985px" .
   [2 0 0 0 0])
  ("inner" .
   [3 0 0 0 0])
  ("ホーム" .
   [1 0 0])
  ("復興リーダー会議とは" .
   [1 0 0 0 0 0 0 0 0 0])
  ("会議の成果" .
   [0 0 1 0 0])
  ("関連リンク" .
   [1 0 0 0 0])
  ("text-decoration" .
   [0 2 0 0 0 0 1 0 0 0 0 0 0 0 0])
  ("none" .
   [2 0 0 2])
  ("table-cell" .
   [0 0 0 0 0 0 0 0 6 2])
  ("table" .
   [1 0 0 0 6])
  ("english" .
   [1 0 0 0 0 0 0])
  ("chinese" .
   [1 0 0 0 0 0 0])
  ("korean" .
   [1 0 0 0 0 0])
  ("lang()" .
   [0 0 0 0 0 2])
  ("language" .
   [0 0 0 0 0 0 2 0])
  ("high" .
   [1 0 0 0])
  ("sitemap" .
   [1 0 0 0 0 0 0])
  ("navi" .
   [4 0 0 0])
  ("202px" .
   [1 0 0 0 0])
  ("side" .
   [0 0 0 1])
  ("hover" .
   [1 0 0 1 1])
  ("a" .
   [9])
  ("banner" .
   [1 0 0 0 1 0])
  ("article" .
   [0 0 0 10 3 0 6])
  ("width=" .
   [0 0 0 1 0 0])
  ("height=" .
   [0 0 0 0 1 0 0])
  ("photos" .
   [1 0 0 0 0 1])
  ("figure" .
   [8 0 0 0 1 1])
  ("vertical-align" .
   [0 0 0 0 0 0 0 0 0 0 1 0 0 0])
  ("70px" .
   [1 0 0 0])
  ("normal" .
   [0 0 0 0 1 1])
  ("news" .
   [4 0 0 0])
  ("740px" .
   [1 0 0 0 0])
  ("958px" .
   [1 0 0 0 0])
  ("href=" .
   [0 0 0 0 1])
  ("100px" .
   [3 0 0 0 0])
  ("to" .
   [2 0])
  ("jpg" .
   [1 0 0])
  ("8px" .
   [2 0 0])
  ("7px" .
   [1 0 0])
  ("sub" .
   [5 0 0])
  ("figcaption" .
   [0 0 0 0 0 1 3 0 0 0])
  ("nav" .
   [1 0 0])
  ("echo" .
   [3 0 0 0])
  ("hello" .
   [1 0 0 0 0])
  ("or" .
   [2 0])
  ("die" .
   [3 0 0])
  ("ftp_start" .
   [1 0 0 0 0 0 0 0 0])
  ("$list" .
   [4 0 0 0 0])
  ("files" .
   [1 0 0 0 0])
  ("dirs" .
   [1 0 0 0])
  ("o-blog" .
   [1 0 0 0 0 0])
  ("$middle-gray" .
   [0 0 0 0 1 0 0 0 0 0 0 0])
  ("eshell" .
   [1 0 0 0 0 0])
  ("get-output-string" .
   [0 0 0 0 1 0 0 0 0 0 0 0 0 0 0 0 0])
  ("doc" .
   [8 0 0])
  ("current-error-port" .
   [0 0 0 0 0 0 0 0 0 0 0 0 1 0 0 0 0 0])
  ("use" .
   [6 0 0])
  ("http-read" .
   [0 0 0 0 0 0 0 0 1])
  ("html->sxml" .
   [0 0 0 0 0 0 0 1 0 0])
  ("define" .
   [4 0 0 0 0 1])
  ("sxml" .
   [3 0 0 0])
  ("sxpath" .
   [2 0 0 0 0 0])
  ("tbody" .
   [1 0 0 0 0])
  ("s" .
   [5])
  ("do" .
   [1 0])
  ("u" .
   [1])
  ("prime-stream" .
   [1 0 0 0 0 0 0 0 0 0 0 0])
  ("defn-" .
   [0 0 0 1 0])
  ("defrecord" .
   [0 0 0 1 0 0 0 0 0])
  ("foo" .
   [1 0 0])
  ("my-proj.core/foo" .
   [0 0 0 0 0 0 0 0 0 0 0 0 0 1 0 0])
  ("cider-mode" .
   [0 0 0 0 0 0 0 0 1 0])
  ("y" .
   [2])
  ("x" .
   [1])
  ("elpy" .
   [1 0 0 0])
  ("import" .
   [0 0 0 0 0 1])
  ("numpy" .
   [1 0 0 0 0])
  ("j-path" .
   [0 0 0 0 1 0])
  ("j-command" .
   [0 0 0 0 0 0 0 0 1])
  ("j-mode-map" .
   [0 0 0 0 0 0 0 0 0 1])
  ("turn-off-smartparens-mode" .
   [0 0 0 0 0 0 0 0 0 0 0 1 1 0 0 0 0 0 0 0 0 0 0 0 0])
  ("inferior-julia" .
   [0 0 0 0 0 0 0 0 0 0 1 0 0 0])
  ("inferior-j-mode-map" .
   [0 0 0 0 0 0 0 0 0 0 0 0 0 0 0 0 0 1 0])
  ("transpose" .
   [0 0 1 0 0 0 0 1 0])
  ("help" .
   [0 0 0 1])
  ("code_llvm" .
   [0 0 0 0 0 0 0 0 1])
  ("scala-mode" .
   [0 0 0 0 0 0 0 0 0 1])
  ("scala-mode-map" .
   [0 0 0 0 0 0 0 0 0 0 0 0 0 1])
  ("scala-newline" .
   [0 0 0 0 0 0 0 0 0 2 0 0 0])
  ("scala-indent-line" .
   [0 0 0 0 0 0 0 0 0 0 1 1 0 0 0 0 0])
  ("return" .
   [1 0 0 0 0 3])
  ("scala-newline-indent" .
   [0 0 0 0 0 0 0 0 0 0 0 0 0 0 0 0 1 0 0 0])
  ("that" .
   [8 0 0 0])
  ("Rational" .
   [0 0 0 0 2 3 0 0])
  ("lessThan" .
   [0 0 0 0 1 0 0 0])
  ("private" .
   [0 0 0 0 0 0 2])
  ("abs" .
   [3 1 0])
  ("gcd" .
   [2 0 0])
  ("sign" .
   [2 0 0 0])
  ("signum" .
   [1 0 0 0 0 0])
  ("numer" .
   [2 0 0 0 0])
  ("denom" .
   [0 0 0 0 4])
  ("bind-key" .
   [0 0 0 0 0 0 1 0])
  ("godoc-at-point" .
   [0 0 0 0 0 0 0 0 0 0 0 0 0 1])
  ("go-mode-map" .
   [0 0 0 0 0 0 0 0 0 0 1])
  ("package" .
   [0 0 0 0 0 0 1])
  ("g" .
   [1])
  ("scheme" .
   [1 0 0 0 0 0])))
